0 0
1 0
2 0
3 1
4 1
5 0
6 0
7 0
8 1
9 1
10 1
11 0
12 1
13 1
14 0
15 0
16 0
17 0
18 0
19 0
20 1
21 0
22 0
23 0
24 1
25 0
26 0
27 0
28 1
29 1
30 0
31 1
32 0
33 0
34 1
35 0
36 1
37 1
38 0
39 1
40 1
41 1
42 1
43 0
44 1
45 0
46 1
47 1
48 1
49 0
50 0
51 1
52 0
53 0
54 0
55 0
56 0
57 0
58 0
59 0
60 0
61 1
62 1
63 1
64 0
65 0
66 0
67 1
68 1
69 0
70 0
71 1
72 1
73 1
74 0
75 0
76 0
77 0
78 1
79 0
80 0
81 0
82 0
83 0
84 0
85 0
86 0
87 1
88 0
89 0
90 0
91 0
92 1
93 0
94 0
95 1
96 0
97 1
98 1
99 0
100 1
101 1
102 0
103 0
104 1
105 1
106 0
107 1
108 0
109 0
110 1
111 0
112 1
113 1
114 1
115 0
116 1
117 1
118 0
119 1
120 0
121 1
122 1
123 1
124 1
125 1
126 1
127 1
128 0
129 1
130 0
131 1
132 0
133 0
134 1
135 1
136 0
137 0
138 1
139 0
140 0
141 0
142 0
143 0
144 0
145 1
146 0
147 0
148 1
149 1
150 1
151 1
152 1
153 1
154 1
155 1
156 1
157 0
158 1
159 1
160 1
161 1
162 1
163 0
164 1
165 0
166 1
167 1
168 1
169 0
170 1
171 1
172 1
173 0
174 1
175 1
176 0
177 0
178 1
179 1
180 0
181 0
182 1
183 1
184 1
185 0
186 0
187 0
188 1
189 0
190 0
191 0
192 0
193 0
194 0
195 0
196 1
197 0
198 0
199 0
200 0
201 0
202 1
203 0
204 0
205 0
206 1
207 1
208 0
209 0
210 0
211 0
212 0
213 1
214 0
215 1
216 0
217 1
218 0
219 0
220 1
221 1
222 0
223 0
224 1
225 1
226 1
227 0
228 1
229 1
230 1
231 0
232 0
233 1
234 1
235 1
236 0
237 0
238 0
239 0
240 0
241 1
242 1
243 0
244 1
245 0
246 0
247 0
248 0
249 1
250 0
251 0
252 0
253 1
254 0
255 0
256 0
257 1
258 0
259 0
260 0
261 0
262 1
263 0
264 0
265 1
266 1
267 0
268 1
269 0
270 1
271 0
272 0
273 0
274 1
275 0
276 0
277 0
278 1
279 0
280 1
281 0
282 0
283 1
284 0
285 1
286 0
287 1
288 0
289 0
290 0
291 1
292 1
293 1
294 1
295 1
296 0
297 1
298 1
299 0
300 0
301 0
302 1
303 0
304 1
305 0
306 0
307 1
308 1
309 1
310 1
311 0
312 1
313 0
314 0
315 0
316 0
317 0
318 1
319 0
320 1
321 1
322 0
323 0
324 0
325 0
326 1
327 0
328 0
329 1
330 0
331 1
332 1
333 0
334 0
335 0
336 0
337 0
338 0
339 0
340 1
341 1
342 0
343 1
344 1
345 1
346 0
347 1
348 0
349 0
350 0
351 1
352 1
353 1
354 0
355 0
356 1
357 0
358 0
359 0
360 0
361 0
362 1
363 1
364 1
365 0
366 0
367 0
368 0
369 1
370 1
371 0
372 1
373 1
374 0
375 0
376 1
377 1
378 0
379 1
380 1
381 0
382 1
383 1
384 1
385 1
386 1
387 0
388 1
389 1
390 1
391 1
392 0
393 1
394 0
395 1
396 0
397 0
398 0
399 1
400 1
401 1
402 0
403 0
404 1
405 1
406 0
407 1
408 0
409 0
410 0
411 1
412 0
413 0
414 1
415 0
416 0
417 1
418 0
419 1
420 1
421 0
422 1
423 1
424 1
425 0
426 1
427 0
428 0
429 1
430 1
431 1
432 1
433 0
434 1
435 1
436 1
437 0
438 1
439 0
440 1
441 0
442 1
443 0
444 0
445 0
446 1
447 1
448 1
449 1
450 1
451 1
452 0
453 1
454 1
455 0
456 1
457 1
458 0
459 0
460 1
461 0
462 0
463 1
464 0
465 0
466 0
467 1
468 0
469 0
470 0
471 0
472 0
473 1
474 1
475 1
476 0
477 1
478 1
479 0
480 1
481 0
482 1
483 1
484 1
485 1
486 0
487 0
488 0
489 1
490 1
491 1
492 0
493 0
494 1
495 1
496 0
497 0
498 1
499 0
500 0
501 0
502 1
503 0
504 0
505 0
506 0
507 1
508 0
509 0
510 0
511 1
512 1
513 0
514 0
515 1
516 1
517 1
518 1
519 1
520 0
521 0
522 1
523 0
524 0
525 0
526 1
527 0
528 0
529 1
530 0
531 1
532 1
533 1
534 1
535 1
536 1
537 1
538 1
539 0
540 1
541 0
542 1
543 0
544 1
545 1
546 0
547 1
548 0
549 1
550 1
551 1
552 0
553 1
554 0
555 1
556 0
557 1
558 0
559 1
560 1
561 1
562 1
563 1
564 1
565 0
566 1
567 0
568 0
569 0
570 0
571 1
572 0
573 0
574 0
575 0
576 0
577 0
578 1
579 1
580 0
581 0
582 1
583 1
584 0
585 0
586 0
587 1
588 0
589 0
590 1
591 0
592 1
593 0
594 1
595 1
596 0
597 0
598 0
599 0
600 0
601 1
602 0
603 1
604 0
605 1
606 0
607 1
608 0
609 1
610 1
611 0
612 1
613 1
614 1
615 1
616 1
617 1
618 1
619 1
620 1
621 0
622 0
623 0
624 1
625 1
626 1
627 1
628 1
629 1
630 0
631 0
632 0
633 1
634 0
635 0
636 0
637 1
638 1
639 0
640 1
641 0
642 1
643 1
644 0
645 0
646 1
647 0
648 0
649 0
650 1
651 1
652 1
653 1
654 1
655 0
656 1
657 0
658 1
659 0
660 1
661 0
662 1
663 1
664 1
665 1
666 1
667 1
668 0
669 0
670 0
671 0
672 0
673 0
674 0
675 0
676 0
677 0
678 0
679 1
680 0
681 0
682 1
683 0
684 0
685 1
686 0
687 0
688 0
689 0
690 0
691 1
692 1
693 0
694 1
695 0
696 1
697 0
698 1
699 1
700 1
701 0
702 0
703 1
704 1
705 0
706 0
707 1
708 1
709 1
710 0
711 0
712 0
713 1
714 0
715 1
716 0
717 1
718 0
719 1
720 0
721 1
722 0
723 1
724 0
725 1
726 0
727 0
728 0
729 1
730 0
731 0
732 0
733 1
734 1
735 0
736 0
737 1
738 1
739 0
740 0
741 0
742 0
743 0
744 1
745 1
746 1
747 0
748 0
749 1
750 0
751 1
752 1
753 1
754 1
755 0
756 1
757 0
758 1
759 1
760 1
761 1
762 1
763 1
764 1
765 1
766 0
767 0
768 0
769 0
770 1
771 1
772 0
773 0
774 0
775 0
776 1
777 1
778 0
779 0
780 0
781 1
782 0
783 1
784 1
785 0
786 0
787 0
788 1
789 1
790 1
791 0
792 0
793 1
794 0
795 0
796 0
797 0
798 0
799 0
800 1
801 0
802 1
803 0
804 1
805 0
806 0
807 0
808 0
809 1
810 1
811 0
812 1
813 1
814 1
815 0
816 1
817 1
818 0
819 0
820 1
821 1
822 1
823 1
824 0
825 0
826 0
827 1
828 0
829 1
830 1
831 1
832 0
833 1
834 1
835 1
836 0
837 0
838 0
839 0
840 0
841 0
842 0
843 0
844 0
845 0
846 1
847 0
848 1
849 0
850 0
851 0
852 0
853 1
854 1
855 0
856 0
857 1
858 1
859 1
860 1
861 0
862 1
863 0
864 1
865 1
866 0
867 0
868 0
869 1
870 0
871 0
872 1
873 0
874 0
875 0
876 0
877 0
878 0
879 0
880 0
881 0
882 1
883 1
884 1
885 0
886 1
887 1
888 0
889 0
890 0
891 0
892 0
893 1
894 1
895 0
896 1
897 1
898 0
899 0
900 0
901 1
902 1
903 0
904 0
905 1
906 0
907 1
908 1
909 1
910 0
911 1
912 0
913 1
914 1
915 1
916 0
917 0
918 0
919 0
920 1
921 1
922 0
923 1
924 0
925 0
926 1
927 1
928 1
929 0
930 1
931 0
932 0
933 1
934 1
935 0
936 0
937 0
938 1
939 1
940 0
941 1
942 0
943 1
944 1
945 1
946 1
947 0
948 0
949 1
950 0
951 0
952 0
953 0
954 1
955 1
956 0
957 0
958 0
959 1
960 0
961 1
962 0
963 0
964 0
965 0
966 1
967 1
968 1
969 0
970 1
971 1
972 1
973 1
974 1
975 0
976 0
977 1
978 1
979 0
980 1
981 1
982 1
983 1
984 0
985 0
986 1
987 1
988 0
989 1
990 0
991 0
992 0
993 1
994 0
995 0
996 0
997 0
998 1
999 0
1000 0
1001 0
1002 0
1003 0
1004 1
1005 0
1006 0
1007 1
1008 1
1009 0
1010 1
1011 0
1012 0
1013 1
1014 1
1015 0
1016 0
1017 1
1018 1
1019 1
1020 0
1021 0
1022 1
1023 1
1024 0
1025 0
1026 0
1027 0
1028 0
1029 1
1030 1
1031 1
1032 0
1033 0
1034 1
1035 0
1036 0
1037 1
1038 0
1039 1
1040 0
1041 1
1042 0
1043 0
1044 1
1045 1
1046 1
1047 0
1048 0
1049 1
1050 0
1051 0
1052 0
1053 0
1054 1
1055 1
1056 0
1057 1
1058 0
1059 1
1060 1
1061 1
1062 0
1063 1
1064 1
1065 0
1066 1
1067 1
1068 0
1069 1
1070 0
1071 1
1072 0
1073 1
1074 0
1075 0
1076 0
1077 0
1078 0
1079 0
1080 1
1081 0
1082 1
1083 0
1084 1
1085 0
1086 0
1087 0
1088 1
1089 0
1090 0
1091 1
1092 0
1093 1
1094 1
1095 0
1096 0
1097 1
1098 1
1099 1
1100 1
1101 1
1102 1
1103 1
1104 0
1105 1
1106 1
1107 0
1108 1
1109 0
1110 1
1111 1
1112 1
1113 1
1114 0
1115 0
1116 1
1117 1
1118 1
1119 1
1120 0
1121 1
1122 1
1123 1
1124 0
1125 1
1126 0
1127 0
1128 0
1129 1
1130 1
1131 0
1132 0
1133 0
1134 0
1135 0
1136 0
1137 0
1138 1
1139 0
1140 1
1141 0
1142 0
1143 0
1144 1
1145 1
1146 0
1147 1
1148 1
1149 0
1150 0
1151 0
1152 0
1153 0
1154 1
1155 1
1156 1
1157 0
1158 0
1159 0
1160 0
1161 1
1162 1
1163 1
1164 0
1165 1
1166 1
1167 0
1168 1
1169 1
1170 0
1171 1
1172 0
1173 0
1174 0
1175 0
1176 0
1177 1
1178 1
1179 0
1180 0
1181 0
1182 1
1183 0
1184 0
1185 1
1186 0
1187 0
1188 0
1189 1
1190 0
1191 0
1192 0
1193 1
1194 0
1195 0
1196 1
1197 0
1198 0
1199 0
1200 1
1201 0
1202 0
1203 0
1204 1
1205 0
1206 1
1207 0
1208 1
1209 0
1210 1
1211 0
1212 1
1213 1
1214 0
1215 1
1216 1
1217 0
1218 1
1219 0
1220 1
1221 1
1222 0
1223 1
1224 0
1225 0
1226 0
1227 0
1228 1
1229 0
1230 0
1231 0
1232 1
1233 1
1234 1
1235 1
1236 1
1237 1
1238 1
1239 0
1240 1
1241 1
1242 0
1243 1
1244 1
1245 0
1246 1
1247 1
1248 0
1249 0
1250 1
1251 0
1252 1
1253 1
1254 0
1255 1
1256 0
1257 0
1258 0
1259 1
1260 1
1261 0
1262 1
1263 0
1264 0
1265 1
1266 0
1267 0
1268 0
1269 0
1270 0
1271 0
1272 0
1273 1
1274 1
1275 0
1276 1
1277 1
1278 0
1279 1
1280 1
1281 0
1282 0
1283 1
1284 0
1285 0
1286 1
1287 1
1288 1
1289 0
1290 0
1291 0
1292 1
1293 0
1294 1
1295 0
1296 1
1297 0
1298 0
1299 1
1300 0
1301 0
1302 1
1303 1
1304 0
1305 0
1306 1
1307 0
1308 0
1309 1
1310 1
1311 0
1312 0
1313 0
1314 1
1315 0
1316 0
1317 0
1318 0
1319 1
1320 0
1321 1
1322 1
1323 1
1324 1
1325 0
1326 0
1327 0
1328 0
1329 0
1330 1
1331 1
1332 0
1333 1
1334 0
1335 1
1336 0
1337 1
1338 1
1339 1
1340 1
1341 1
1342 1
1343 0
1344 0
1345 1
1346 1
1347 0
1348 0
1349 0
1350 1
1351 0
1352 0
1353 0
1354 1
1355 1
1356 0
1357 1
1358 1
1359 0
1360 1
1361 0
1362 0
1363 0
1364 1
1365 1
1366 0
1367 1
1368 0
1369 1
1370 0
1371 0
1372 1
1373 0
1374 1
1375 0
1376 0
1377 1
1378 0
1379 0
1380 0
1381 1
1382 1
1383 1
1384 1
1385 1
1386 1
1387 0
1388 0
1389 0
1390 0
1391 1
1392 0
1393 1
1394 1
1395 1
1396 0
1397 0
1398 1
1399 1
1400 0
1401 1
1402 0
1403 0
1404 1
1405 0
1406 1
1407 1
1408 1
1409 0
1410 0
1411 0
1412 1
1413 0
1414 1
1415 0
1416 1
1417 1
1418 1
1419 1
1420 0
1421 0
1422 0
1423 1
1424 1
1425 0
1426 1
1427 1
1428 1
1429 1
1430 0
1431 1
1432 1
1433 1
1434 0
1435 1
1436 1
1437 1
1438 1
1439 0
1440 1
1441 1
1442 0
1443 0
1444 0
1445 0
1446 1
1447 1
1448 1
1449 1
1450 1
1451 0
1452 1
1453 1
1454 0
1455 0
1456 1
1457 1
1458 0
1459 0
1460 0
1461 1
1462 1
1463 0
1464 1
1465 0
1466 0
1467 0
1468 1
1469 1
1470 1
1471 1
1472 1
1473 0
1474 0
1475 0
1476 1
1477 0
1478 1
1479 0
1480 1
1481 0
1482 1
1483 0
1484 1
1485 0
1486 1
1487 0
1488 1
1489 0
1490 1
1491 0
1492 0
1493 0
1494 0
1495 1
1496 1
1497 0
1498 1
1499 1
1500 1
1501 0
1502 0
1503 1
1504 1
1505 1
1506 0
1507 1
1508 1
1509 0
1510 1
1511 0
1512 0
1513 0
1514 0
1515 1
1516 0
1517 0
1518 0
1519 1
1520 0
1521 0
1522 0
1523 0
1524 0
1525 0
1526 1
1527 1
1528 0
1529 1
1530 1
1531 1
1532 1
1533 0
1534 1
1535 0
1536 0
1537 1
1538 1
1539 1
1540 1
1541 1
1542 1
1543 0
1544 1
1545 1
1546 1
1547 1
1548 1
1549 1
1550 1
1551 1
1552 1
1553 0
1554 1
1555 0
1556 1
1557 0
1558 0
1559 0
1560 1
1561 1
1562 1
1563 1
1564 1
1565 1
1566 0
1567 0
1568 1
1569 1
1570 1
1571 1
1572 0
1573 1
1574 1
1575 0
1576 0
1577 0
1578 1
1579 0
1580 1
1581 1
1582 1
1583 0
1584 1
1585 1
1586 0
1587 1
1588 0
1589 0
1590 1
1591 0
1592 1
1593 0
1594 1
1595 0
1596 1
1597 1
1598 1
1599 1
1600 1
1601 1
1602 1
1603 0
1604 1
1605 1
1606 0
1607 0
1608 0
1609 1
1610 0
1611 0
1612 0
1613 1
1614 1
1615 0
1616 1
1617 1
1618 1
1619 0
1620 1
1621 1
1622 1
1623 0
1624 0
1625 0
1626 1
1627 1
1628 0
1629 1
1630 0
1631 1
1632 1
1633 1
1634 1
1635 1
1636 1
1637 0
1638 0
1639 1
1640 1
1641 0
1642 0
1643 1
1644 0
1645 0
1646 1
1647 0
1648 0
1649 1
1650 1
1651 1
1652 1
1653 0
1654 0
1655 1
1656 0
1657 0
1658 0
1659 1
1660 0
1661 0
1662 1
1663 1
1664 1
1665 1
1666 1
1667 1
1668 1
1669 1
1670 0
1671 0
1672 1
1673 1
1674 1
1675 1
1676 0
1677 0
1678 0
1679 1
1680 1
1681 1
1682 0
1683 0
1684 1
1685 0
1686 0
1687 1
1688 1
1689 0
1690 0
1691 0
1692 1
1693 1
1694 0
1695 1
1696 0
1697 1
1698 1
1699 0
1700 0
1701 1
1702 0
1703 0
1704 1
1705 0
1706 0
1707 1
1708 0
1709 0
1710 0
1711 0
1712 0
1713 1
1714 0
1715 1
1716 0
1717 0
1718 1
1719 0
1720 1
1721 0
1722 0
1723 0
1724 1
1725 1
1726 1
1727 0
1728 0
1729 1
1730 1
1731 1
1732 0
1733 0
1734 1
1735 0
1736 0
1737 0
1738 0
1739 1
1740 1
1741 0
1742 0
1743 0
1744 0
1745 1
1746 0
1747 0
1748 0
1749 1
1750 1
1751 1
1752 0
1753 1
1754 0
1755 1
1756 0
1757 1
1758 0
1759 1
1760 0
1761 1
1762 1
1763 1
1764 1
1765 1
1766 1
1767 0
1768 0
1769 1
1770 1
1771 1
1772 0
1773 0
1774 1
1775 0
1776 1
1777 1
1778 0
1779 0
1780 0
1781 0
1782 0
1783 0
1784 1
1785 0
1786 1
1787 1
1788 0
1789 0
1790 1
1791 1
1792 0
1793 1
1794 1
1795 1
1796 1
1797 1
1798 1
1799 0
1800 1
1801 1
1802 0
1803 0
1804 1
1805 0
1806 1
1807 0
1808 1
1809 0
1810 1
1811 1
1812 1
1813 1
1814 1
1815 0
1816 1
1817 1
1818 0
1819 1
1820 1
1821 1
1822 1
1823 1
1824 1
1825 1
1826 1
1827 1
1828 1
1829 0
1830 1
1831 0
1832 1
1833 0
1834 1
1835 0
1836 0
1837 1
1838 1
1839 1
1840 0
1841 1
1842 1
1843 0
1844 0
1845 1
1846 0
1847 1
1848 0
1849 0
1850 0
1851 1
1852 0
1853 0
1854 0
1855 1
1856 0
1857 1
1858 1
1859 0
1860 1
1861 1
1862 1
1863 1
1864 1
1865 1
1866 1
1867 0
1868 1
1869 0
1870 0
1871 1
1872 1
1873 1
1874 1
1875 1
1876 0
1877 0
1878 1
1879 1
1880 0
1881 1
1882 0
1883 1
1884 1
1885 0
1886 1
1887 0
1888 0
1889 0
1890 1
1891 1
1892 0
1893 0
1894 1
1895 1
1896 1
1897 0
1898 0
1899 1
1900 0
1901 1
1902 1
1903 1
1904 0
1905 0
1906 1
1907 1
1908 1
1909 1
1910 1
1911 0
1912 0
1913 0
1914 0
1915 0
1916 1
1917 1
1918 1
1919 1
1920 0
1921 1
1922 1
1923 0
1924 1
1925 1
1926 0
1927 0
1928 1
1929 1
1930 1
1931 1
1932 1
1933 1
1934 0
1935 0
1936 1
1937 0
1938 0
1939 1
1940 0
1941 0
1942 1
1943 1
1944 1
1945 1
1946 1
1947 0
1948 1
1949 1
1950 0
1951 0
1952 1
1953 1
1954 1
1955 0
1956 0
1957 1
1958 0
1959 1
1960 1
1961 1
1962 1
1963 1
1964 1
1965 1
1966 1
1967 1
1968 0
1969 1
1970 1
1971 0
1972 1
1973 1
1974 0
1975 1
1976 0
1977 1
1978 1
1979 1
1980 1
1981 1
1982 1
1983 1
1984 1
1985 1
1986 1
1987 1
1988 0
1989 0
1990 0
1991 1
1992 0
1993 1
1994 1
1995 1
1996 1
1997 0
1998 1
1999 0
2000 0
2001 0
2002 1
2003 1
2004 1
2005 1
2006 1
2007 1
2008 0
2009 1
2010 1
2011 0
2012 0
2013 0
2014 0
2015 0
2016 1
2017 1
2018 0
2019 0
2020 1
2021 1
2022 1
2023 1
2024 0
2025 0
2026 0
2027 1
2028 1
2029 1
2030 1
2031 0
2032 1
2033 0
2034 0
2035 0
2036 1
2037 0
2038 0
2039 0
2040 0
2041 0
2042 0
2043 0
2044 0
2045 1
2046 0
2047 1
2048 0
2049 0
2050 0
2051 0
2052 0
2053 0
2054 0
2055 1
2056 1
2057 0
2058 0
2059 1
2060 0
2061 1
2062 1
2063 0
2064 1
2065 1
2066 0
2067 1
2068 1
2069 0
2070 1
2071 0
2072 1
2073 1
2074 1
2075 1
2076 0
2077 1
2078 0
2079 0
2080 0
2081 1
2082 1
2083 1
2084 1
2085 1
2086 1
2087 1
2088 0
2089 1
2090 0
2091 1
2092 1
2093 0
2094 0
2095 0
2096 0
2097 1
2098 0
2099 0
2100 0
2101 1
2102 0
2103 0
2104 0
2105 1
2106 1
2107 0
2108 0
2109 0
2110 0
2111 1
2112 0
2113 0
2114 1
2115 1
2116 1
2117 1
2118 0
2119 1
2120 1
2121 1
2122 1
2123 0
2124 0
2125 1
2126 1
2127 0
2128 0
2129 0
2130 0
2131 1
2132 0
2133 1
2134 0
2135 1
2136 0
2137 0
2138 0
2139 0
2140 1
2141 1
2142 1
2143 1
2144 1
2145 1
2146 1
2147 0
2148 1
2149 0
2150 1
2151 1
2152 1
2153 1
2154 0
2155 1
2156 0
2157 1
2158 1
2159 1
2160 1
2161 0
2162 0
2163 1
2164 1
2165 1
2166 0
2167 0
2168 0
2169 0
2170 1
2171 1
2172 0
2173 1
2174 0
2175 0
2176 1
2177 0
2178 1
2179 0
2180 0
2181 1
2182 0
2183 1
2184 0
2185 0
2186 1
2187 1
2188 0
2189 0
2190 0
2191 1
2192 0
2193 0
2194 1
2195 0
2196 1
2197 1
2198 1
2199 1
2200 1
2201 1
2202 1
2203 1
2204 1
2205 0
2206 1
2207 0
2208 0
2209 1
2210 1
2211 0
2212 1
2213 0
2214 1
2215 0
2216 0
2217 1
2218 0
2219 0
2220 1
2221 1
2222 0
2223 1
2224 0
2225 1
2226 1
2227 0
2228 1
2229 1
2230 1
2231 0
2232 1
2233 0
2234 1
2235 0
2236 0
2237 0
2238 1
2239 0
2240 1
2241 0
2242 1
2243 0
2244 1
2245 0
2246 1
2247 0
2248 1
2249 0
2250 1
2251 1
2252 1
2253 0
2254 0
2255 1
2256 1
2257 0
2258 0
2259 1
2260 0
2261 1
2262 1
2263 1
2264 1
2265 0
2266 1
2267 1
2268 0
2269 0
2270 1
2271 1
2272 0
2273 1
2274 1
2275 0
2276 1
2277 1
2278 1
2279 0
2280 1
2281 1
2282 0
2283 0
2284 1
2285 1
2286 1
2287 1
2288 1
2289 0
2290 0
2291 0
2292 1
2293 1
2294 0
2295 1
2296 1
2297 0
2298 1
2299 1
2300 0
2301 1
2302 0
2303 0
2304 1
2305 1
2306 0
2307 1
2308 1
2309 0
2310 1
2311 0
2312 1
2313 0
2314 0
2315 0
2316 1
2317 1
2318 1
2319 0
2320 1
2321 1
2322 0
2323 1
2324 1
2325 1
2326 1
2327 1
2328 0
2329 1
2330 1
2331 0
2332 0
2333 1
2334 0
2335 1
2336 0
2337 0
2338 1
2339 1
2340 1
2341 0
2342 0
2343 0
2344 1
2345 1
2346 0
2347 1
2348 0
2349 0
2350 0
2351 1
2352 0
2353 0
2354 0
2355 1
2356 1
2357 1
2358 0
2359 1
2360 1
2361 1
2362 0
2363 1
2364 0
2365 0
2366 0
2367 0
2368 1
2369 1
2370 0
2371 1
2372 0
2373 0
2374 1
2375 0
2376 0
2377 0
2378 0
2379 1
2380 1
2381 1
2382 1
2383 0
2384 1
2385 0
2386 1
2387 0
2388 1
2389 0
2390 1
2391 0
2392 1
2393 1
2394 0
2395 0
2396 0
2397 1
2398 1
2399 0
2400 0
2401 0
2402 1
2403 1
2404 1
2405 1
2406 1
2407 0
2408 0
2409 1
2410 1
2411 1
2412 1
2413 1
2414 0
2415 1
2416 0
2417 1
2418 1
2419 1
2420 0
2421 0
2422 0
2423 1
2424 1
2425 0
2426 0
2427 1
2428 1
2429 1
2430 1
2431 0
2432 1
2433 0
2434 0
2435 1
2436 0
2437 0
2438 1
2439 0
2440 0
2441 1
2442 1
2443 1
2444 1
2445 1
2446 1
2447 1
2448 1
2449 0
2450 1
2451 1
2452 1
2453 1
2454 0
2455 0
2456 1
2457 1
2458 1
2459 0
2460 0
2461 0
2462 1
2463 1
2464 1
2465 0
2466 1
2467 1
2468 1
2469 1
2470 1
2471 0
2472 0
2473 0
2474 1
2475 1
2476 1
2477 0
2478 0
2479 0
2480 0
2481 0
2482 0
2483 1
2484 0
2485 1
2486 1
2487 1
2488 0
2489 0
2490 1
2491 1
2492 0
2493 0
2494 0
2495 1
2496 1
2497 0
2498 0
2499 1
2500 0
2501 1
2502 1
2503 1
2504 0
2505 1
2506 0
2507 1
2508 1
2509 1
2510 0
2511 1
2512 0
2513 1
2514 1
2515 0
2516 1
2517 1
2518 1
2519 1
2520 1
2521 0
2522 0
2523 0
2524 1
2525 1
2526 1
2527 1
2528 1
2529 0
2530 1
2531 0
2532 0
2533 0
2534 1
2535 0
2536 0
2537 0
2538 0
2539 0
2540 1
2541 1
2542 0
2543 0
2544 1
2545 1
2546 0
2547 1
2548 0
2549 0
2550 0
2551 1
2552 0
2553 0
2554 1
2555 0
2556 1
2557 0
2558 0
2559 1
2560 1
2561 1
2562 1
2563 0
2564 0
2565 0
2566 0
2567 0
2568 0
2569 0
2570 0
2571 0
2572 1
2573 1
2574 1
2575 1
2576 1
2577 1
2578 1
2579 1
2580 1
2581 0
2582 1
2583 1
2584 0
2585 1
2586 1
2587 1
2588 0
2589 0
2590 1
2591 1
2592 1
2593 1
2594 0
2595 1
2596 0
2597 1
2598 0
2599 1
2600 0
2601 0
2602 0
2603 0
2604 1
2605 1
2606 1
2607 1
2608 0
2609 0
2610 0
2611 1
2612 0
2613 1
2614 1
2615 1
2616 0
2617 0
2618 0
2619 1
2620 0
2621 1
2622 0
2623 0
2624 0
2625 1
2626 1
2627 0
2628 1
2629 1
2630 1
2631 0
2632 0
2633 1
2634 0
2635 0
2636 1
2637 0
2638 1
2639 1
2640 0
2641 1
2642 1
2643 1
2644 1
2645 1
2646 0
2647 1
2648 0
2649 0
2650 0
2651 1
2652 1
2653 0
2654 1
2655 0
2656 1
2657 1
2658 1
2659 1
2660 1
2661 0
2662 0
2663 1
2664 1
2665 1
2666 0
2667 1
2668 0
2669 1
2670 1
2671 0
2672 0
2673 1
2674 0
2675 0
2676 0
2677 1
2678 1
2679 1
2680 1
2681 1
2682 0
2683 0
2684 1
2685 0
2686 1
2687 0
2688 0
2689 1
2690 1
2691 0
2692 1
2693 0
2694 0
2695 0
2696 1
2697 1
2698 1
2699 1
2700 1
2701 1
2702 1
2703 1
2704 1
2705 0
2706 1
2707 1
2708 1
2709 1
2710 1
2711 1
2712 0
2713 1
2714 0
2715 0
2716 1
2717 0
2718 1
2719 1
2720 0
2721 0
2722 0
2723 0
2724 0
2725 0
2726 1
2727 0
2728 1
2729 0
2730 0
2731 1
2732 1
2733 1
2734 1
2735 0
2736 0
2737 0
2738 1
2739 1
2740 0
2741 0
2742 1
2743 1
2744 1
2745 1
2746 0
2747 0
2748 1
2749 0
2750 1
2751 0
2752 1
2753 1
2754 1
2755 0
2756 0
2757 1
2758 1
2759 1
2760 1
2761 1
2762 0
2763 0
2764 0
2765 1
2766 0
2767 1
2768 0
2769 1
2770 1
2771 0
2772 0
2773 1
2774 1
2775 0
2776 1
2777 1
2778 0
2779 1
2780 0
2781 1
2782 1
2783 0
2784 0
2785 1
2786 1
2787 0
2788 1
2789 1
2790 0
2791 1
2792 1
2793 1
2794 0
2795 0
2796 1
2797 0
2798 1
2799 0
2800 0
2801 1
2802 1
2803 1
2804 1
2805 0
2806 1
2807 0
2808 1
2809 0
2810 0
2811 1
2812 1
2813 1
2814 0
2815 0
2816 0
2817 0
2818 1
2819 0
2820 0
2821 1
2822 0
2823 1
2824 0
2825 1
2826 0
2827 0
2828 1
2829 1
2830 1
2831 0
2832 0
2833 0
2834 1
2835 0
2836 1
2837 0
2838 1
2839 1
2840 0
2841 1
2842 1
2843 1
2844 1
2845 1
2846 0
2847 1
2848 1
2849 1
2850 0
2851 1
2852 0
2853 1
2854 1
2855 0
2856 0
2857 0
2858 0
2859 0
2860 0
2861 0
2862 0
2863 0
2864 1
2865 0
2866 1
2867 1
2868 1
2869 1
2870 1
2871 0
2872 1
2873 1
2874 0
2875 0
2876 1
2877 0
2878 1
2879 1
2880 1
2881 1
2882 0
2883 1
2884 1
2885 0
2886 0
2887 1
2888 0
2889 0
2890 0
2891 1
2892 1
2893 0
2894 0
2895 0
2896 1
2897 0
2898 1
2899 0
2900 0
2901 1
2902 0
2903 0
2904 1
2905 1
2906 1
2907 1
2908 0
2909 1
2910 1
2911 0
2912 1
2913 1
2914 0
2915 0
2916 0
2917 1
2918 1
2919 0
2920 1
2921 1
2922 1
2923 0
2924 1
2925 1
2926 1
2927 1
2928 0
2929 1
2930 1
2931 1
2932 0
2933 1
2934 0
2935 0
2936 1
2937 1
2938 0
2939 1
2940 1
2941 1
2942 0
2943 1
2944 1
2945 1
2946 1
2947 0
2948 0
2949 1
2950 1
2951 0
2952 1
2953 1
2954 0
2955 1
2956 1
2957 1
2958 0
2959 0
2960 0
2961 0
2962 0
2963 0
2964 1
2965 1
2966 1
2967 0
2968 1
2969 1
2970 0
2971 1
2972 1
2973 0
2974 1
2975 1
2976 1
2977 1
2978 1
2979 1
2980 0
2981 1
2982 0
2983 0
2984 1
2985 1
2986 1
2987 0
2988 1
2989 1
2990 0
2991 1
2992 1
2993 0
2994 0
2995 0
2996 1
2997 1
2998 1
2999 0
3000 0
3001 1
3002 1
3003 0
3004 0
3005 0
3006 0
3007 1
3008 0
3009 1
3010 0
3011 1
3012 0
3013 1
3014 1
3015 0
3016 1
3017 0
3018 1
3019 1
3020 1
3021 0
3022 1
3023 1
3024 1
3025 0
3026 1
3027 0
3028 1
3029 1
3030 0
3031 1
3032 0
3033 0
3034 1
3035 1
3036 1
3037 0
3038 1
3039 1
3040 0
3041 1
3042 0
3043 0
3044 1
3045 1
3046 1
3047 1
3048 1
3049 1
3050 0
3051 1
3052 1
3053 1
3054 0
3055 1
3056 1
3057 1
3058 0
3059 0
3060 1
3061 0
3062 1
3063 0
3064 1
3065 1
3066 0
3067 1
3068 1
3069 0
3070 0
3071 1
3072 0
3073 1
3074 1
3075 1
3076 1
3077 1
3078 0
3079 1
3080 1
3081 0
3082 1
3083 1
3084 1
3085 0
3086 0
3087 1
3088 1
3089 0
3090 0
3091 1
3092 1
3093 0
3094 1
3095 1
3096 1
3097 1
3098 1
3099 0
3100 0
3101 1
3102 1
3103 1
3104 0
3105 1
3106 0
3107 1
3108 1
3109 0
3110 1
3111 1
3112 1
3113 0
3114 0
3115 0
3116 1
3117 0
3118 1
3119 0
3120 0
3121 0
3122 1
3123 0
3124 0
3125 1
3126 1
3127 1
3128 0
3129 1
3130 0
3131 1
3132 0
3133 1
3134 0
3135 1
3136 1
3137 0
3138 1
3139 1
3140 1
3141 0
3142 1
3143 0
3144 0
3145 0
3146 1
3147 1
3148 1
3149 0
3150 1
3151 1
3152 1
3153 0
3154 0
3155 1
3156 1
3157 0
3158 0
3159 1
3160 1
3161 1
3162 1
3163 0
3164 1
3165 1
3166 1
3167 1
3168 0
3169 1
3170 0
3171 0
3172 0
3173 1
3174 1
3175 0
3176 1
3177 0
3178 0
3179 1
3180 1
3181 1
3182 1
3183 1
3184 0
3185 1
3186 0
3187 0
3188 0
3189 1
3190 1
3191 1
3192 1
3193 0
3194 1
3195 1
3196 1
3197 1
3198 0
3199 1
3200 1
3201 1
3202 0
3203 1
3204 0
3205 0
3206 0
3207 1
3208 1
3209 0
3210 1
3211 0
3212 1
3213 1
3214 0
3215 0
3216 0
3217 1
3218 0
3219 0
3220 1
3221 1
3222 1
3223 1
3224 0
3225 0
3226 1
3227 0
3228 1
3229 1
3230 1
3231 1
3232 0
3233 1
3234 1
3235 0
3236 0
3237 1
3238 0
3239 1
3240 1
3241 1
3242 1
3243 0
3244 0
3245 0
3246 0
3247 1
3248 1
3249 1
3250 1
3251 1
3252 0
3253 0
3254 1
3255 0
3256 1
3257 1
3258 0
3259 1
3260 1
3261 0
3262 1
3263 0
3264 1
3265 1
3266 1
3267 1
3268 1
3269 1
3270 0
3271 0
3272 0
3273 0
3274 1
3275 1
3276 0
3277 1
3278 1
3279 0
3280 0
3281 1
3282 1
3283 1
3284 0
3285 0
3286 1
3287 1
3288 1
3289 1
3290 0
3291 0
3292 1
3293 1
3294 1
3295 0
3296 1
3297 1
3298 0
3299 0
3300 1
3301 1
3302 0
3303 1
3304 0
3305 1
3306 0
3307 0
3308 1
3309 1
3310 1
3311 1
3312 1
3313 0
3314 1
3315 1
3316 1
3317 1
3318 1
3319 1
3320 1
3321 0
3322 0
3323 0
3324 1
3325 0
3326 0
3327 1
3328 1
3329 1
3330 0
3331 1
3332 1
3333 0
3334 1
3335 1
3336 1
3337 1
3338 0
3339 1
3340 1
3341 0
3342 0
3343 1
3344 1
3345 1
3346 0
3347 0
3348 0
3349 0
3350 1
3351 0
3352 0
3353 1
3354 0
3355 1
3356 1
3357 1
3358 1
3359 0
3360 1
3361 1
3362 1
3363 1
3364 0
3365 1
3366 1
3367 1
3368 0
3369 1
3370 0
3371 1
3372 1
3373 1
3374 0
3375 0
3376 1
3377 0
3378 1
3379 1
3380 0
3381 0
3382 0
3383 0
3384 0
3385 0
3386 1
3387 1
3388 1
3389 1
3390 1
3391 0
3392 1
3393 1
3394 1
3395 0
3396 0
3397 1
3398 0
3399 1
3400 0
3401 0
3402 1
3403 1
3404 1
3405 1
3406 1
3407 0
3408 1
3409 1
3410 1
3411 0
3412 0
3413 0
3414 0
3415 0
3416 1
3417 1
3418 0
3419 1
3420 0
3421 1
3422 1
3423 1
3424 1
3425 1
3426 1
3427 1
3428 0
3429 1
3430 0
3431 0
3432 1
3433 1
3434 0
3435 0
3436 1
3437 0
3438 0
3439 1
3440 0
3441 0
3442 1
3443 1
3444 1
3445 0
3446 1
3447 1
3448 1
3449 0
3450 0
3451 1
3452 1
3453 1
3454 1
3455 1
3456 1
3457 0
3458 1
3459 0
3460 0
3461 0
3462 0
3463 1
3464 1
3465 1
3466 0
3467 0
3468 0
3469 1
3470 1
3471 0
3472 1
3473 1
3474 1
3475 1
3476 1
3477 1
3478 1
3479 1
3480 1
3481 0
3482 0
3483 1
3484 0
3485 1
3486 1
3487 1
3488 1
3489 1
3490 1
3491 1
3492 1
3493 0
3494 1
3495 1
3496 1
3497 0
3498 0
3499 1
3500 0
3501 0
3502 1
3503 1
3504 1
3505 0
3506 0
3507 1
3508 1
3509 1
3510 1
3511 1
3512 0
3513 0
3514 1
3515 0
3516 0
3517 1
3518 1
3519 1
3520 1
3521 0
3522 0
3523 0
3524 1
3525 1
3526 1
3527 1
3528 0
3529 1
3530 1
3531 1
3532 0
3533 1
3534 1
3535 0
3536 1
3537 0
3538 1
3539 0
3540 0
3541 1
3542 1
3543 1
3544 1
3545 1
3546 1
3547 0
3548 1
3549 1
3550 0
3551 1
3552 1
3553 1
3554 1
3555 1
3556 0
3557 0
3558 1
3559 1
3560 0
3561 0
3562 0
3563 1
3564 1
3565 0
3566 1
3567 1
3568 1
3569 0
3570 1
3571 0
3572 1
3573 1
3574 0
3575 1
3576 1
3577 1
3578 1
3579 1
3580 1
3581 1
3582 1
3583 1
3584 0
3585 0
3586 1
3587 0
3588 0
3589 1
3590 1
3591 1
3592 0
3593 0
3594 0
3595 0
3596 1
3597 0
3598 1
3599 0
3600 1
3601 1
3602 1
3603 1
3604 1
3605 1
3606 0
3607 1
3608 0
3609 1
3610 1
3611 1
3612 1
3613 0
3614 0
3615 1
3616 0
3617 1
3618 0
3619 1
3620 1
3621 1
3622 1
3623 0
3624 0
3625 0
3626 1
3627 1
3628 0
3629 1
3630 0
3631 1
3632 1
3633 1
3634 1
3635 0
3636 1
3637 1
3638 1
3639 1
3640 1
3641 0
3642 1
3643 1
3644 1
3645 1
3646 0
3647 0
3648 1
3649 0
3650 0
3651 0
3652 0
3653 1
3654 1
3655 0
3656 0
3657 1
3658 1
3659 1
3660 1
3661 0
3662 1
3663 0
3664 1
3665 1
3666 0
3667 0
3668 0
3669 0
3670 1
3671 0
3672 1
3673 1
3674 0
3675 0
3676 1
3677 0
3678 0
3679 0
3680 0
3681 1
3682 1
3683 1
3684 1
3685 1
3686 0
3687 0
3688 1
3689 1
3690 1
3691 1
3692 0
3693 1
3694 0
3695 0
3696 1
3697 0
3698 1
3699 0
3700 1
3701 0
3702 0
3703 0
3704 1
3705 0
3706 0
3707 1
3708 1
3709 0
3710 1
3711 0
3712 0
3713 0
3714 0
3715 1
3716 1
3717 1
3718 1
3719 0
3720 0
3721 0
3722 1
3723 1
3724 1
3725 0
3726 0
3727 1
3728 0
3729 1
3730 0
3731 1
3732 1
3733 0
3734 0
3735 1
3736 1
3737 1
3738 0
3739 1
3740 1
3741 0
3742 1
3743 1
3744 1
3745 0
3746 1
3747 1
3748 1
3749 0
3750 1
3751 0
3752 1
3753 0
3754 1
3755 1
3756 1
3757 0
3758 0
3759 0
3760 1
3761 1
3762 1
3763 1
3764 1
3765 1
3766 0
3767 1
3768 0
3769 0
3770 1
3771 1
3772 1
3773 1
3774 1
3775 0
3776 1
3777 1
3778 1
3779 0
3780 1
3781 0
3782 1
3783 1
3784 1
3785 0
3786 1
3787 0
3788 0
3789 0
3790 1
3791 0
3792 1
3793 0
3794 0
3795 1
3796 0
3797 1
3798 0
3799 0
3800 1
3801 0
3802 0
3803 0
3804 0
3805 1
3806 1
3807 1
3808 1
3809 1
3810 1
3811 1
3812 1
3813 0
3814 0
3815 0
3816 1
3817 0
3818 1
3819 1
3820 0
3821 1
3822 1
3823 0
3824 1
3825 1
3826 1
3827 1
3828 1
3829 0
3830 1
3831 1
3832 0
3833 0
3834 1
3835 0
3836 0
3837 1
3838 0
3839 1
3840 0
3841 1
3842 0
3843 0
3844 0
3845 1
3846 1
3847 1
3848 1
3849 0
3850 1
3851 1
3852 1
3853 0
3854 1
3855 0
3856 1
3857 1
3858 1
3859 1
3860 1
3861 1
3862 0
3863 0
3864 1
3865 1
3866 0
3867 1
3868 1
3869 0
3870 1
3871 0
3872 1
3873 1
3874 1
3875 0
3876 0
3877 1
3878 1
3879 1
3880 1
3881 0
3882 0
3883 1
3884 0
3885 1
3886 1
3887 0
3888 0
3889 1
3890 0
3891 0
3892 1
3893 1
3894 1
3895 1
3896 0
3897 1
3898 1
3899 0
3900 1
3901 1
3902 1
3903 0
3904 0
3905 1
3906 1
3907 1
3908 1
3909 0
3910 1
3911 1
3912 1
3913 1
3914 0
3915 1
3916 1
3917 0
3918 1
3919 1
3920 1
3921 0
3922 1
3923 0
3924 0
3925 1
3926 0
3927 1
3928 0
3929 1
3930 1
3931 0
3932 1
3933 1
3934 1
3935 1
3936 0
3937 1
3938 0
3939 1
3940 0
3941 1
3942 0
3943 1
3944 0
3945 1
3946 1
3947 1
3948 0
3949 1
3950 1
3951 1
3952 0
3953 0
3954 0
3955 0
3956 0
3957 1
3958 1
3959 1
3960 0
3961 1
3962 0
3963 1
3964 1
3965 0
3966 1
3967 1
3968 0
3969 0
3970 1
3971 1
3972 0
3973 1
3974 0
3975 1
3976 1
3977 0
3978 0
3979 1
3980 1
3981 0
3982 1
3983 0
3984 0
3985 1
3986 0
3987 1
3988 1
3989 0
3990 0
3991 1
3992 0
3993 1
3994 0
3995 1
3996 1
3997 1
3998 0
3999 0
4000 0
4001 1
4002 0
4003 0
4004 0
4005 1
4006 1
4007 0
4008 0
4009 0
4010 1
4011 1
4012 0
4013 1
4014 1
4015 1
4016 1
4017 1
4018 0
4019 1
4020 0
4021 0
4022 1
4023 1
4024 1
4025 1
4026 1
4027 0
4028 0
4029 1
4030 1
4031 0
4032 0
4033 0
4034 1
4035 1
4036 1
4037 1
4038 1
4039 0
4040 0
4041 1
4042 0
4043 1
4044 1
4045 0
4046 1
4047 0
4048 1
4049 1
4050 1
4051 1
4052 1
4053 1
4054 1
4055 1
4056 0
4057 1
4058 1
4059 0
4060 0
4061 1
4062 0
4063 0
4064 1
4065 0
4066 1
4067 1
4068 0
4069 1
4070 0
4071 1
4072 1
4073 1
4074 1
4075 1
4076 0
4077 1
4078 0
4079 1
4080 0
4081 0
4082 1
4083 1
4084 0
4085 1
4086 1
4087 0
4088 0
4089 1
4090 1
4091 0
4092 0
4093 1
4094 1
4095 1
4096 1
4097 1
4098 1
4099 1
4100 0
4101 1
4102 0
4103 1
4104 1
4105 1
4106 1
4107 1
4108 1
4109 1
4110 1
4111 1
4112 1
4113 1
4114 1
4115 1
4116 1
4117 0
4118 1
4119 1
4120 0
4121 1
4122 1
4123 1
4124 1
4125 1
4126 1
4127 0
4128 0
4129 0
4130 1
4131 1
4132 1
4133 1
4134 1
4135 0
4136 1
4137 0
4138 1
4139 1
4140 0
4141 1
4142 1
4143 1
4144 0
4145 0
4146 1
4147 1
4148 0
4149 0
4150 1
4151 1
4152 1
4153 0
4154 1
4155 0
4156 1
4157 0
4158 1
4159 1
4160 1
4161 0
4162 1
4163 1
4164 1
4165 1
4166 0
4167 0
4168 1
4169 1
4170 0
4171 0
4172 0
4173 1
4174 1
4175 1
4176 1
4177 1
4178 1
4179 1
4180 0
4181 1
4182 0
4183 1
4184 1
4185 1
4186 1
4187 1
4188 1
4189 1
4190 1
4191 0
4192 1
4193 1
4194 1
4195 0
4196 1
4197 1
4198 0
4199 0
4200 1
4201 1
4202 1
4203 1
4204 0
4205 0
4206 1
4207 1
4208 1
4209 1
4210 1
4211 1
4212 0
4213 0
4214 1
4215 0
4216 0
4217 0
4218 1
4219 1
4220 1
4221 1
4222 0
4223 1
4224 0
4225 0
4226 1
4227 0
4228 1
4229 1
4230 0
4231 0
4232 1
4233 1
4234 1
4235 1
4236 1
4237 0
4238 1
4239 0
4240 1
4241 1
4242 1
4243 1
4244 1
4245 1
4246 1
4247 1
4248 0
4249 1
4250 1
4251 0
4252 1
4253 1
4254 1
4255 1
4256 1
4257 0
4258 1
4259 1
4260 1
4261 1
4262 1
4263 1
4264 1
4265 1
4266 1
4267 1
4268 1
4269 1
4270 1
4271 1
4272 1
4273 1
4274 1
4275 0
4276 0
4277 1
4278 1
4279 1
4280 0
4281 1
4282 1
4283 1
4284 1
4285 1
4286 1
4287 1
4288 0
4289 1
4290 1
4291 0
4292 1
4293 1
4294 1
4295 0
4296 1
4297 1
4298 1
4299 0
4300 1
4301 0
4302 1
4303 1
4304 0
4305 1
4306 0
4307 1
4308 1
4309 0
4310 1
4311 0
4312 0
4313 1
4314 0
4315 1
4316 0
4317 1
4318 1
4319 0
4320 1
4321 0
4322 1
4323 0
4324 1
4325 0
4326 1
4327 0
4328 0
4329 0
4330 1
4331 0
4332 0
4333 0
4334 0
4335 0
4336 0
4337 1
4338 1
4339 1
4340 0
4341 1
4342 0
4343 0
4344 1
4345 1
4346 1
4347 0
4348 0
4349 0
4350 1
4351 1
4352 1
4353 1
4354 1
4355 1
4356 1
4357 0
4358 1
4359 0
4360 1
4361 1
4362 1
4363 1
4364 0
4365 1
4366 1
4367 0
4368 1
4369 1
4370 1
4371 1
4372 0
4373 1
4374 1
4375 1
4376 0
4377 1
4378 0
4379 0
4380 1
4381 1
4382 0
4383 0
4384 0
4385 1
4386 0
4387 0
4388 0
4389 0
4390 1
4391 0
4392 0
4393 1
4394 1
4395 0
4396 1
4397 1
4398 0
4399 0
4400 1
4401 0
4402 1
4403 1
4404 1
4405 0
4406 0
4407 0
4408 1
4409 1
4410 1
4411 1
4412 1
4413 1
4414 1
4415 0
4416 0
4417 0
4418 1
4419 1
4420 0
4421 1
4422 1
4423 1
4424 1
4425 1
4426 1
4427 0
4428 1
4429 0
4430 0
4431 1
4432 1
4433 1
4434 1
4435 1
4436 1
4437 1
4438 1
4439 1
4440 0
4441 1
4442 1
4443 1
4444 0
4445 0
4446 0
4447 1
4448 1
4449 0
4450 1
4451 1
4452 1
4453 1
4454 0
4455 1
4456 1
4457 1
4458 0
4459 0
4460 1
4461 1
4462 1
4463 1
4464 1
4465 1
4466 1
4467 1
4468 1
4469 1
4470 0
4471 0
4472 1
4473 1
4474 1
4475 1
4476 1
4477 1
4478 0
4479 1
4480 1
4481 0
4482 0
4483 1
4484 1
4485 1
4486 0
4487 1
4488 1
4489 0
4490 1
4491 1
4492 1
4493 1
4494 0
4495 1
4496 0
4497 0
4498 0
4499 0
4500 1
4501 0
4502 1
4503 1
4504 1
4505 0
4506 1
4507 1
4508 0
4509 1
4510 1
4511 0
4512 0
4513 1
4514 0
4515 0
4516 1
4517 0
4518 0
4519 0
4520 0
4521 1
4522 1
4523 1
4524 1
4525 0
4526 1
4527 1
4528 1
4529 1
4530 1
4531 1
4532 1
4533 1
4534 1
4535 1
4536 0
4537 1
4538 1
4539 1
4540 1
4541 0
4542 0
4543 0
4544 1
4545 1
4546 0
4547 1
4548 1
4549 0
4550 1
4551 0
4552 1
4553 0
4554 1
4555 1
4556 1
4557 1
4558 1
4559 1
4560 1
4561 0
4562 1
4563 1
4564 0
4565 1
4566 1
4567 0
4568 0
4569 0
4570 1
4571 1
4572 0
4573 0
4574 0
4575 1
4576 1
4577 1
4578 1
4579 0
4580 1
4581 0
4582 1
4583 0
4584 0
4585 0
4586 1
4587 0
4588 0
4589 1
4590 1
4591 1
4592 1
4593 1
4594 1
4595 1
4596 0
4597 0
4598 1
4599 0
4600 0
4601 0
4602 1
4603 1
4604 1
4605 1
4606 1
4607 1
4608 1
4609 1
4610 1
4611 0
4612 1
4613 1
4614 1
4615 0
4616 1
4617 1
4618 1
4619 1
4620 1
4621 0
4622 1
4623 1
4624 1
4625 0
4626 1
4627 1
4628 1
4629 0
4630 1
4631 0
4632 1
4633 0
4634 0
4635 1
4636 1
4637 0
4638 1
4639 0
4640 0
4641 0
4642 1
4643 1
4644 1
4645 1
4646 0
4647 1
4648 0
4649 0
4650 0
4651 1
4652 1
4653 1
4654 1
4655 1
4656 0
4657 1
4658 1
4659 1
4660 1
4661 1
4662 1
4663 0
4664 1
4665 1
4666 0
4667 0
4668 1
4669 0
4670 0
4671 1
4672 0
4673 0
4674 0
4675 0
4676 1
4677 1
4678 0
4679 0
4680 1
4681 1
4682 0
4683 1
4684 0
4685 1
4686 1
4687 1
4688 1
4689 1
4690 1
4691 1
4692 0
4693 1
4694 1
4695 1
4696 1
4697 1
4698 1
4699 1
4700 1
4701 1
4702 1
4703 1
4704 1
4705 0
4706 1
4707 1
4708 1
4709 0
4710 0
4711 1
4712 0
4713 1
4714 1
4715 0
4716 0
4717 0
4718 1
4719 1
4720 0
4721 1
4722 1
4723 1
4724 1
4725 0
4726 1
4727 1
4728 1
4729 1
4730 1
4731 1
4732 1
4733 0
4734 0
4735 1
4736 0
4737 0
4738 0
4739 1
4740 1
4741 0
4742 0
4743 0
4744 1
4745 0
4746 1
4747 0
4748 1
4749 1
4750 1
4751 1
4752 0
4753 1
4754 1
4755 0
4756 1
4757 1
4758 1
4759 0
4760 0
4761 1
4762 1
4763 1
4764 0
4765 1
4766 1
4767 1
4768 1
4769 1
4770 0
4771 1
4772 0
4773 1
4774 0
4775 1
4776 1
4777 1
4778 0
4779 0
4780 0
4781 0
4782 1
4783 0
4784 1
4785 0
4786 0
4787 1
4788 1
4789 0
4790 1
4791 0
4792 1
4793 0
4794 1
4795 0
4796 1
4797 1
4798 0
4799 0
4800 1
4801 1
4802 1
4803 1
4804 1
4805 1
4806 0
4807 1
4808 1
4809 0
4810 1
4811 0
4812 1
4813 1
4814 1
4815 1
4816 0
4817 1
4818 1
4819 1
4820 1
4821 1
4822 1
4823 0
4824 1
4825 1
4826 1
4827 1
4828 0
4829 1
4830 1
4831 1
4832 1
4833 0
4834 0
4835 0
4836 0
4837 1
4838 0
4839 1
4840 1
4841 1
4842 1
4843 1
4844 0
4845 1
4846 0
4847 1
4848 0
4849 0
4850 0
4851 1
4852 0
4853 1
4854 1
4855 0
4856 0
4857 1
4858 0
4859 1
4860 1
4861 1
4862 0
4863 1
4864 1
4865 0
4866 0
4867 1
4868 1
4869 1
4870 1
4871 1
4872 1
4873 1
4874 1
4875 1
4876 0
4877 1
4878 0
4879 1
4880 0
4881 0
4882 1
4883 1
4884 0
4885 1
4886 1
4887 1
4888 1
4889 1
4890 1
4891 1
4892 0
4893 0
4894 1
4895 0
4896 0
4897 0
4898 0
4899 1
4900 0
4901 0
4902 0
4903 0
4904 1
4905 1
4906 1
4907 1
4908 1
4909 1
4910 1
4911 0
4912 1
4913 1
4914 1
4915 1
4916 0
4917 1
4918 0
4919 1
4920 1
4921 0
4922 0
4923 0
4924 1
4925 1
4926 0
4927 1
4928 1
4929 1
4930 1
4931 1
4932 1
4933 0
4934 0
4935 1
4936 1
4937 1
4938 0
4939 1
4940 0
4941 1
4942 1
4943 1
4944 1
4945 1
4946 0
4947 1
4948 0
4949 0
4950 0
4951 0
4952 0
4953 1
4954 1
4955 1
4956 0
4957 0
4958 0
4959 0
4960 1
4961 1
4962 1
4963 1
4964 1
4965 0
4966 0
4967 1
4968 1
4969 0
4970 1
4971 1
4972 1
4973 1
4974 0
4975 0
4976 0
4977 1
4978 1
4979 0
4980 1
4981 0
4982 0
4983 0
4984 0
4985 1
4986 0
4987 1
4988 0
4989 1
4990 1
4991 1
4992 1
4993 1
4994 1
4995 0
4996 1
4997 1
4998 1
4999 1
5000 1
5001 1
5002 0
5003 0
5004 0
5005 0
5006 0
5007 0
5008 1
5009 1
5010 1
5011 0
5012 1
5013 0
5014 1
5015 1
5016 1
5017 1
5018 1
5019 0
5020 1
5021 0
5022 1
5023 1
5024 1
5025 0
5026 0
5027 1
5028 0
5029 0
5030 1
5031 1
5032 0
5033 1
5034 0
5035 0
5036 1
5037 1
5038 1
5039 1
5040 1
5041 0
5042 1
5043 1
5044 1
5045 1
5046 1
5047 0
5048 1
5049 1
5050 0
5051 0
5052 0
5053 1
5054 0
5055 1
5056 1
5057 1
5058 1
5059 0
5060 0
5061 0
5062 0
5063 0
5064 0
5065 1
5066 1
5067 0
5068 1
5069 1
5070 0
5071 0
5072 0
5073 1
5074 1
5075 1
5076 1
5077 0
5078 0
5079 1
5080 1
5081 1
5082 1
5083 1
5084 1
5085 1
5086 1
5087 0
5088 1
5089 1
5090 0
5091 1
5092 1
5093 1
5094 0
5095 1
5096 1
5097 1
5098 1
5099 0
5100 1
5101 0
5102 1
5103 1
5104 1
5105 0
5106 1
5107 1
5108 0
5109 0
5110 1
5111 1
5112 1
5113 1
5114 1
5115 0
5116 0
5117 0
5118 0
5119 1
5120 1
5121 1
5122 1
5123 1
5124 1
5125 1
5126 0
5127 0
5128 0
5129 1
5130 1
5131 1
5132 0
5133 1
5134 1
5135 1
5136 0
5137 1
5138 1
5139 0
5140 1
5141 0
5142 0
5143 0
5144 1
5145 1
5146 1
5147 1
5148 1
5149 1
5150 1
5151 0
5152 0
5153 0
5154 1
5155 1
5156 1
5157 1
5158 1
5159 1
5160 1
5161 0
5162 0
5163 1
5164 1
5165 0
5166 0
5167 1
5168 1
5169 1
5170 1
5171 1
5172 1
5173 1
5174 0
5175 1
5176 1
5177 0
5178 1
5179 1
5180 0
5181 0
5182 0
5183 1
5184 1
5185 1
5186 0
5187 1
5188 0
5189 0
5190 1
5191 1
5192 0
5193 0
5194 1
5195 0
5196 1
5197 0
5198 0
5199 0
5200 0
5201 1
5202 0
5203 0
5204 0
5205 1
5206 0
5207 1
5208 0
5209 0
5210 0
5211 1
5212 0
5213 0
5214 1
5215 1
5216 1
5217 0
5218 1
5219 0
5220 0
5221 1
5222 1
5223 1
5224 1
5225 0
5226 1
5227 0
5228 0
5229 0
5230 1
5231 1
5232 1
5233 1
5234 1
5235 0
5236 0
5237 0
5238 0
5239 0
5240 1
5241 0
5242 1
5243 1
5244 1
5245 0
5246 0
5247 1
5248 1
5249 0
5250 0
5251 1
5252 1
5253 1
5254 1
5255 1
5256 1
5257 1
5258 0
5259 1
5260 1
5261 0
5262 0
5263 0
5264 1
5265 1
5266 0
5267 1
5268 0
5269 1
5270 1
5271 0
5272 1
5273 0
5274 1
5275 1
5276 0
5277 0
5278 1
5279 1
5280 1
5281 1
5282 1
5283 1
5284 1
5285 0
5286 0
5287 1
5288 0
5289 1
5290 1
5291 1
5292 1
5293 1
5294 1
5295 1
5296 0
5297 1
5298 0
5299 1
5300 1
5301 1
5302 0
5303 0
5304 0
5305 1
5306 1
5307 1
5308 1
5309 1
5310 0
5311 0
5312 1
5313 1
5314 0
5315 1
5316 0
5317 1
5318 1
5319 0
5320 1
5321 0
5322 1
5323 0
5324 1
5325 0
5326 1
5327 1
5328 1
5329 0
5330 1
5331 1
5332 1
5333 1
5334 1
5335 1
5336 1
5337 1
5338 1
5339 0
5340 1
5341 0
5342 0
5343 1
5344 0
5345 1
5346 1
5347 1
5348 1
5349 1
5350 1
5351 1
5352 1
5353 1
5354 1
5355 1
5356 0
5357 0
5358 1
5359 0
5360 0
5361 0
5362 1
5363 0
5364 1
5365 0
5366 1
5367 1
5368 1
5369 1
5370 0
5371 1
5372 0
5373 1
5374 0
5375 1
5376 1
5377 1
5378 0
5379 0
5380 1
5381 1
5382 1
5383 1
5384 0
5385 0
5386 0
5387 1
5388 0
5389 1
5390 1
5391 1
5392 1
5393 1
5394 0
5395 1
5396 1
5397 1
5398 1
5399 0
5400 1
5401 1
5402 1
5403 1
5404 1
5405 0
5406 1
5407 1
5408 0
5409 0
5410 1
5411 0
5412 1
5413 1
5414 1
5415 1
5416 1
5417 1
5418 0
5419 0
5420 1
5421 1
5422 1
5423 1
5424 1
5425 0
5426 1
5427 1
5428 1
5429 1
5430 0
5431 0
5432 0
5433 0
5434 1
5435 1
5436 0
5437 0
5438 1
5439 1
5440 0
5441 0
5442 1
5443 0
5444 1
5445 1
5446 1
5447 1
5448 1
5449 1
5450 1
5451 1
5452 1
5453 1
5454 0
5455 1
5456 1
5457 1
5458 1
5459 1
5460 0
5461 1
5462 1
5463 0
5464 1
5465 1
5466 1
5467 1
5468 1
5469 0
5470 1
5471 0
5472 1
5473 1
5474 1
5475 0
5476 1
5477 1
5478 1
5479 0
5480 1
5481 0
5482 1
5483 1
5484 1
5485 0
5486 0
5487 1
5488 1
5489 0
5490 1
5491 0
5492 1
5493 1
5494 0
5495 0
5496 1
5497 1
5498 1
5499 0
5500 1
5501 1
5502 0
5503 1
5504 0
5505 1
5506 0
5507 1
5508 0
5509 0
5510 1
5511 1
5512 0
5513 1
5514 0
5515 0
5516 1
5517 1
5518 0
5519 1
5520 1
5521 1
5522 1
5523 0
5524 0
5525 0
5526 0
5527 1
5528 0
5529 1
5530 1
5531 1
5532 1
5533 1
5534 0
5535 1
5536 1
5537 1
5538 1
5539 1
5540 1
5541 1
5542 1
5543 0
5544 0
5545 0
5546 0
5547 1
5548 0
5549 1
5550 1
5551 1
5552 1
5553 1
5554 1
5555 1
5556 1
5557 0
5558 0
5559 1
5560 1
5561 1
5562 1
5563 0
5564 0
5565 1
5566 1
5567 1
5568 0
5569 0
5570 0
5571 1
5572 1
5573 1
5574 1
5575 1
5576 1
5577 1
5578 1
5579 0
5580 0
5581 1
5582 1
5583 0
5584 1
5585 0
5586 1
5587 0
5588 0
5589 1
5590 0
5591 1
5592 1
5593 0
5594 0
5595 1
5596 0
5597 0
5598 1
5599 1
5600 0
5601 1
5602 0
5603 0
5604 1
5605 1
5606 1
5607 1
5608 1
5609 1
5610 0
5611 0
5612 1
5613 1
5614 0
5615 1
5616 0
5617 1
5618 1
5619 0
5620 0
5621 0
5622 0
5623 1
5624 0
5625 1
5626 0
5627 0
5628 1
5629 0
5630 1
5631 1
5632 1
5633 1
5634 1
5635 0
5636 0
5637 0
5638 0
5639 0
5640 0
5641 0
5642 1
5643 1
5644 0
5645 1
5646 1
5647 1
5648 0
5649 1
5650 1
5651 1
5652 0
5653 1
5654 1
5655 1
5656 1
5657 1
5658 0
5659 1
5660 1
5661 0
5662 0
5663 1
5664 1
5665 1
5666 1
5667 1
5668 1
5669 0
5670 1
5671 1
5672 1
5673 0
5674 1
5675 1
5676 0
5677 1
5678 0
5679 0
5680 1
5681 0
5682 0
5683 1
5684 1
5685 0
5686 0
5687 0
5688 0
5689 0
5690 1
5691 1
5692 0
5693 1
5694 0
5695 1
5696 1
5697 1
5698 1
5699 1
5700 0
5701 1
5702 1
5703 1
5704 0
5705 0
5706 1
5707 0
5708 1
5709 0
5710 0
5711 0
5712 1
5713 1
5714 0
5715 0
5716 1
5717 1
5718 0
5719 1
5720 1
5721 1
5722 1
5723 0
5724 0
5725 0
5726 0
5727 0
5728 0
5729 1
5730 0
5731 0
5732 0
5733 0
5734 1
5735 1
5736 1
5737 1
5738 0
5739 1
5740 0
5741 0
5742 1
5743 0
5744 1
5745 1
5746 1
5747 1
5748 0
5749 0
5750 0
5751 1
5752 1
5753 1
5754 1
5755 0
5756 1
5757 1
5758 0
5759 0
5760 0
5761 1
5762 1
5763 1
5764 0
5765 1
5766 0
5767 1
5768 0
5769 1
5770 1
5771 1
5772 1
5773 1
5774 0
5775 1
5776 1
5777 1
5778 0
5779 0
5780 0
5781 1
5782 1
5783 1
5784 0
5785 1
5786 1
5787 1
5788 1
5789 1
5790 1
5791 0
5792 1
5793 1
5794 1
5795 0
5796 1
5797 1
5798 1
5799 1
5800 1
5801 1
5802 1
5803 1
5804 0
5805 1
5806 1
5807 1
5808 0
5809 1
5810 1
5811 1
5812 1
5813 1
5814 1
5815 1
5816 0
5817 1
5818 1
5819 1
5820 1
5821 1
5822 0
5823 0
5824 1
5825 1
5826 0
5827 1
5828 1
5829 0
5830 0
5831 1
5832 1
5833 1
5834 0
5835 1
5836 0
5837 0
5838 1
5839 1
5840 0
5841 1
5842 1
5843 1
5844 0
5845 1
5846 1
5847 0
5848 0
5849 0
5850 1
5851 1
5852 1
5853 0
5854 1
5855 0
5856 1
5857 1
5858 1
5859 0
5860 1
5861 1
5862 1
5863 1
5864 0
5865 1
5866 1
5867 1
5868 1
5869 0
5870 0
5871 0
5872 0
5873 1
5874 1
5875 1
5876 0
5877 1
5878 0
5879 1
5880 1
5881 0
5882 0
5883 1
5884 1
5885 1
5886 1
5887 0
5888 1
5889 1
5890 1
5891 1
5892 1
5893 0
5894 1
5895 0
5896 1
5897 1
5898 1
5899 0
5900 0
5901 1
5902 1
5903 1
5904 0
5905 0
5906 1
5907 1
5908 0
5909 1
5910 1
5911 1
5912 1
5913 1
5914 1
5915 0
5916 1
5917 1
5918 1
5919 1
5920 1
5921 1
5922 1
5923 1
5924 0
5925 1
5926 1
5927 0
5928 0
5929 1
5930 1
5931 1
5932 0
5933 1
5934 1
5935 1
5936 1
5937 0
5938 1
5939 0
5940 1
5941 1
5942 1
5943 1
5944 1
5945 1
5946 0
5947 0
5948 1
5949 1
5950 1
5951 0
5952 0
5953 0
5954 1
5955 0
5956 1
5957 0
5958 1
5959 1
5960 1
5961 1
5962 1
5963 1
5964 1
5965 1
5966 1
5967 1
5968 1
5969 1
5970 0
5971 1
5972 1
5973 1
5974 1
5975 0
5976 0
5977 1
5978 1
5979 1
5980 0
5981 1
5982 1
5983 1
5984 0
5985 0
5986 1
5987 0
5988 0
5989 0
5990 0
5991 1
5992 1
5993 1
5994 0
5995 0
5996 0
5997 0
5998 0
5999 1
6000 1
6001 1
6002 0
6003 1
6004 0
6005 1
6006 0
6007 0
6008 1
6009 1
6010 0
6011 0
6012 1
6013 1
6014 1
6015 1
6016 1
6017 0
6018 0
6019 0
6020 1
6021 1
6022 0
6023 0
6024 0
6025 1
6026 0
6027 0
6028 0
6029 0
6030 1
6031 1
6032 1
6033 1
6034 0
6035 1
6036 0
6037 1
6038 0
6039 1
6040 1
6041 0
6042 0
6043 1
6044 0
6045 1
6046 0
6047 1
6048 1
6049 0
6050 1
6051 0
6052 1
6053 1
6054 1
6055 1
6056 0
6057 1
6058 0
6059 0
6060 0
6061 1
6062 1
6063 0
6064 0
6065 0
6066 1
6067 1
6068 1
6069 1
6070 1
6071 1
6072 0
6073 0
6074 1
6075 1
6076 1
6077 1
6078 1
6079 1
6080 0
6081 1
6082 0
6083 0
6084 1
6085 1
6086 1
6087 1
6088 0
6089 1
6090 1
6091 1
6092 1
6093 1
6094 1
6095 0
6096 1
6097 1
6098 1
6099 1
6100 1
6101 1
6102 1
6103 1
6104 0
6105 0
6106 1
6107 1
6108 1
6109 0
6110 1
6111 0
6112 1
6113 1
6114 1
6115 0
6116 1
6117 1
6118 0
6119 1
6120 1
6121 1
6122 1
6123 1
6124 0
6125 0
6126 0
6127 0
6128 1
6129 1
6130 0
6131 0
6132 1
6133 0
6134 1
6135 0
6136 1
6137 1
6138 1
6139 0
6140 0
6141 1
6142 1
6143 0
6144 1
6145 0
6146 1
6147 1
6148 0
6149 1
6150 1
6151 1
6152 0
6153 1
6154 1
6155 1
6156 1
6157 1
6158 1
6159 1
6160 1
6161 1
6162 0
6163 1
6164 1
6165 1
6166 0
6167 0
6168 0
6169 1
6170 1
6171 0
6172 0
6173 1
6174 1
6175 0
6176 1
6177 0
6178 1
6179 1
6180 1
6181 1
6182 1
6183 1
6184 1
6185 1
6186 1
6187 1
6188 1
6189 1
6190 0
6191 1
6192 1
6193 1
6194 0
6195 1
6196 1
6197 0
6198 0
6199 0
6200 0
6201 1
6202 1
6203 0
6204 0
6205 1
6206 1
6207 0
6208 0
6209 0
6210 1
6211 1
6212 1
6213 0
6214 0
6215 1
6216 1
6217 1
6218 1
6219 1
6220 0
6221 0
6222 0
6223 0
6224 0
6225 1
6226 1
6227 1
6228 0
6229 0
6230 1
6231 1
6232 1
6233 1
6234 0
6235 1
6236 1
6237 1
6238 0
6239 1
6240 0
6241 1
6242 1
6243 0
6244 0
6245 1
6246 1
6247 1
6248 1
6249 0
6250 0
6251 1
6252 1
6253 0
6254 1
6255 1
6256 0
6257 1
6258 0
6259 1
6260 1
6261 0
6262 0
6263 1
6264 1
6265 1
6266 1
6267 1
6268 1
6269 1
6270 1
6271 1
6272 0
6273 1
6274 1
6275 1
6276 1
6277 1
6278 1
6279 1
6280 1
6281 1
6282 0
6283 1
6284 0
6285 0
6286 1
6287 1
6288 1
6289 1
6290 1
6291 1
6292 0
6293 1
6294 1
6295 0
6296 1
6297 1
6298 0
6299 0
6300 1
6301 1
6302 0
6303 0
6304 1
6305 1
6306 1
6307 1
6308 1
6309 0
6310 0
6311 0
6312 0
6313 1
6314 1
6315 1
6316 1
6317 0
6318 0
6319 1
6320 0
6321 1
6322 1
6323 1
6324 0
6325 1
6326 0
6327 1
6328 1
6329 1
6330 1
6331 1
6332 1
6333 1
6334 1
6335 1
6336 1
6337 0
6338 1
6339 1
6340 1
6341 1
6342 1
6343 0
6344 0
6345 0
6346 0
6347 0
6348 1
6349 1
6350 1
6351 1
6352 1
6353 1
6354 0
6355 1
6356 0
6357 0
6358 0
6359 1
6360 1
6361 1
6362 1
6363 0
6364 1
6365 1
6366 1
6367 0
6368 1
6369 1
6370 1
6371 0
6372 1
6373 1
6374 0
6375 0
6376 1
6377 1
6378 1
6379 1
6380 1
6381 1
6382 1
6383 0
6384 0
6385 1
6386 1
6387 0
6388 1
6389 0
6390 0
6391 1
6392 0
6393 1
6394 1
6395 1
6396 1
6397 1
6398 1
6399 1
6400 0
6401 0
6402 1
6403 1
6404 1
6405 1
6406 1
6407 1
6408 0
6409 1
6410 0
6411 1
6412 0
6413 1
6414 1
6415 1
6416 0
6417 1
6418 0
6419 1
6420 0
6421 0
6422 0
6423 1
6424 0
6425 1
6426 1
6427 1
6428 1
6429 0
6430 1
6431 1
6432 1
6433 0
6434 1
6435 0
6436 0
6437 1
6438 1
6439 1
6440 1
6441 0
6442 1
6443 0
6444 1
6445 0
6446 0
6447 0
6448 0
6449 0
6450 1
6451 0
6452 1
6453 1
6454 0
6455 1
6456 1
6457 1
6458 0
6459 0
6460 1
6461 0
6462 1
6463 1
6464 0
6465 0
6466 0
6467 0
6468 1
6469 0
6470 0
6471 1
6472 1
6473 1
6474 0
6475 1
6476 0
6477 0
6478 0
6479 1
6480 0
6481 0
6482 1
6483 0
6484 1
6485 1
6486 1
6487 0
6488 1
6489 1
6490 1
6491 1
6492 0
6493 1
6494 1
6495 1
6496 1
6497 1
6498 1
6499 0
6500 1
6501 1
6502 1
6503 0
6504 0
6505 1
6506 0
6507 1
6508 0
6509 1
6510 0
6511 1
6512 1
6513 1
6514 1
6515 0
6516 1
6517 1
6518 1
6519 0
6520 1
6521 1
6522 1
6523 0
6524 1
6525 1
6526 1
6527 1
6528 1
6529 1
6530 1
6531 1
6532 0
6533 1
6534 1
6535 0
6536 1
6537 1
6538 1
6539 1
6540 0
6541 1
6542 1
6543 0
6544 0
6545 1
6546 0
6547 1
6548 0
6549 1
6550 0
6551 1
6552 1
6553 1
6554 1
6555 1
6556 1
6557 0
6558 1
6559 1
6560 0
6561 0
6562 0
6563 1
6564 1
6565 1
6566 0
6567 0
6568 1
6569 1
6570 0
6571 0
6572 0
6573 1
6574 1
6575 1
6576 0
6577 0
6578 1
6579 0
6580 0
6581 0
6582 0
6583 1
6584 1
6585 1
6586 0
6587 1
6588 0
6589 1
6590 0
6591 1
6592 0
6593 1
6594 1
6595 0
6596 1
6597 0
6598 1
6599 0
6600 0
6601 0
6602 1
6603 1
6604 1
6605 0
6606 0
6607 0
6608 1
6609 1
6610 0
6611 1
6612 0
6613 0
6614 0
6615 0
6616 1
6617 1
6618 1
6619 1
6620 1
6621 1
6622 1
6623 1
6624 0
6625 1
6626 1
6627 1
6628 1
6629 0
6630 0
6631 0
6632 1
6633 1
6634 1
6635 1
6636 1
6637 0
6638 0
6639 0
6640 1
6641 1
6642 1
6643 1
6644 0
6645 1
6646 0
6647 1
6648 0
6649 1
6650 1
6651 1
6652 1
6653 0
6654 1
6655 0
6656 1
6657 1
6658 1
6659 1
6660 1
6661 1
6662 0
6663 1
6664 0
6665 0
6666 0
6667 1
6668 1
6669 0
6670 1
6671 1
6672 1
6673 0
6674 1
6675 1
6676 0
6677 1
6678 1
6679 1
6680 0
6681 1
6682 0
6683 1
6684 1
6685 0
6686 1
6687 1
6688 1
6689 0
6690 1
6691 1
6692 1
6693 1
6694 1
6695 1
6696 1
6697 1
6698 0
6699 1
6700 1
6701 1
6702 1
6703 1
6704 1
6705 0
6706 0
6707 1
6708 1
6709 0
6710 0
6711 0
6712 0
6713 1
6714 1
6715 0
6716 1
6717 1
6718 0
6719 1
6720 1
6721 1
6722 1
6723 0
6724 1
6725 0
6726 1
6727 1
6728 1
6729 0
6730 1
6731 0
6732 1
6733 1
6734 0
6735 1
6736 0
6737 1
6738 0
6739 0
6740 1
6741 1
6742 0
6743 0
6744 1
6745 1
6746 1
6747 1
6748 0
6749 0
6750 0
6751 0
6752 0
6753 1
6754 1
6755 1
6756 1
6757 1
6758 0
6759 1
6760 1
6761 0
6762 1
6763 0
6764 1
6765 0
6766 1
6767 1
6768 1
6769 0
6770 1
6771 1
6772 1
6773 1
6774 0
6775 1
6776 0
6777 0
6778 0
6779 1
6780 0
6781 1
6782 0
6783 1
6784 0
6785 1
6786 1
6787 1
6788 1
6789 1
6790 0
6791 1
6792 1
6793 0
6794 0
6795 1
6796 1
6797 1
6798 0
6799 0
6800 1
6801 0
6802 0
6803 0
6804 1
6805 0
6806 1
6807 1
6808 1
6809 1
6810 1
6811 0
6812 1
6813 1
6814 0
6815 1
6816 0
6817 1
6818 1
6819 0
6820 1
6821 1
6822 0
6823 0
6824 0
6825 1
6826 0
6827 1
6828 1
6829 0
6830 0
6831 0
6832 0
6833 1
6834 1
6835 1
6836 0
6837 0
6838 0
6839 1
6840 1
6841 1
6842 0
6843 1
6844 1
6845 1
6846 1
6847 1
6848 1
6849 0
6850 1
6851 1
6852 0
6853 0
6854 0
6855 0
6856 1
6857 0
6858 0
6859 0
6860 0
6861 0
6862 1
6863 1
6864 0
6865 1
6866 1
6867 0
6868 0
6869 0
6870 1
6871 1
6872 1
6873 0
6874 1
6875 0
6876 1
6877 1
6878 1
6879 1
6880 0
6881 1
6882 0
6883 0
6884 0
6885 1
6886 0
6887 0
6888 1
6889 0
6890 1
6891 1
6892 1
6893 0
6894 0
6895 1
6896 0
6897 1
6898 1
6899 0
6900 1
6901 1
6902 1
6903 1
6904 1
6905 0
6906 1
6907 1
6908 1
6909 1
6910 1
6911 0
6912 1
6913 1
6914 0
6915 0
6916 1
6917 1
6918 0
6919 1
6920 1
6921 1
6922 0
6923 0
6924 0
6925 1
6926 1
6927 0
6928 1
6929 0
6930 0
6931 1
6932 0
6933 1
6934 0
6935 1
6936 1
6937 0
6938 1
6939 1
6940 1
6941 1
6942 0
6943 0
6944 1
6945 1
6946 1
6947 0
6948 0
6949 0
6950 1
6951 0
6952 1
6953 1
6954 0
6955 0
6956 0
6957 0
6958 0
6959 0
6960 1
6961 0
6962 0
6963 1
6964 0
6965 1
6966 0
6967 1
6968 0
6969 1
6970 1
6971 0
6972 0
6973 1
6974 1
6975 0
6976 1
6977 0
6978 1
6979 0
6980 1
6981 0
6982 1
6983 0
6984 0
6985 1
6986 1
6987 1
6988 0
6989 0
6990 1
6991 1
6992 0
6993 1
6994 1
6995 0
6996 0
6997 1
6998 0
6999 1
7000 1
7001 0
7002 1
7003 0
7004 1
7005 1
7006 0
7007 0
7008 0
7009 1
7010 1
7011 1
7012 1
7013 1
7014 0
7015 0
7016 0
7017 1
7018 0
7019 1
7020 1
7021 1
7022 0
7023 0
7024 1
7025 0
7026 0
7027 1
7028 0
7029 1
7030 0
7031 1
7032 0
7033 0
7034 1
7035 1
7036 0
7037 1
7038 1
7039 1
7040 0
7041 0
7042 1
7043 0
7044 1
7045 1
7046 1
7047 0
7048 0
7049 0
7050 0
7051 0
7052 0
7053 0
7054 0
7055 0
7056 0
7057 0
7058 0
7059 0
7060 0
7061 0
7062 0
7063 0
7064 0
7065 0
7066 0
7067 0
7068 0
7069 0
7070 0
7071 0
7072 0
7073 0
7074 0
7075 0
7076 0
7077 0
7078 0
7079 0
7080 0
7081 0
7082 0
7083 0
7084 0
7085 0
7086 0
7087 0
7088 0
7089 0
7090 0
7091 0
7092 0
7093 0
7094 0
7095 0
7096 0
7097 0
7098 0
7099 0
7100 0
7101 0
7102 0
7103 0
7104 0
7105 0
7106 0
7107 0
7108 0
7109 0
7110 0
7111 0
7112 0
7113 0
7114 0
7115 0
7116 0
7117 0
7118 0
7119 0
7120 0
7121 0
7122 0
7123 0
7124 0
7125 0
7126 0
7127 0
7128 0
7129 0
7130 0
7131 0
7132 0
7133 0
7134 0
7135 0
7136 0
7137 0
7138 0
7139 0
7140 0
7141 0
7142 0
7143 0
